event_time_approx: '2020-04-06T13:30:00.0Z'
event_time_visual_video: '2020-04-06T13:33:30.0Z'
location_visible_start: [47.519665326067, 12.581002858544]
location_visible_end: [47.78916559184, 13.39012427005]
location_impact: [48.211499758817, 14.654335013645]
location_line_extension_to_sw: [46.43, 10.04]